50
2 2 6     
3 1 3 4
3 2 4 31
4 2 3 5 29
3 4 6 7
3 1 5 8
3 5 26 28
2 6 9
3 8 10 26
4 9 11 13 26
3 10 12 14
3 11 13 22
3 10 12 23
3 11 15 16
2 14 16
3 14 15 17
3 16 18 20
2 17 19
2 18 20
3 17 19 21
3 20 22 50
3 21 12 23
3 22 13 24
4 23 25 41 48
3 24 26 40
5 7 9 10 25 27
3 26 28 40
4 7 27 29 35
3 4 28 30
3 29 31 33
3 3 30 32
3 31 33 34
3 30 32 35
3 32 35 43
4 28 33 34 36
3 35 37 38
3 36 38 42
3 36 37 39
3 38 40 41
3 25 27 39
3 24 39 48
3 37 43 47
3 34 42 44
3 43 45 47
2 44 46
1 45
3 42 44 48
5 24 41 47 49 50
2 48 50
3 21 48 49